0,0,0,0,0,512,512,512,0,0.00,$BDFPD,0,945.497,0.00000,0.65882,-0.27804,0.0000000,0.0000000,0.000,0.0000,0.0000,0.0000,0,0,0,0*5f
0,0,0,0,0,512,512,512,0,0.00,$BDFPD,0,945.697,0.00000,0.65890,-0.27833,0.0000000,0.0000000,0.000,0.0000,0.0000,0.0000,0,0,0,0*5a
0,0,0,0,0,512,512,512,0,0.00,$BDFPD,0,945.897,0.00000,0.65812,-0.27888,0.0000000,0.0000000,0.000,0.0000,0.0000,0.0000,0,0,0,0*5e
0,0,0,0,0,512,512,512,0,0.00,$BDFPD,0,946.097,0.00000,0.65840,-0.27738,0.0000000,0.0000000,0.000,0.0000,0.0000,0.0000,0,0,0,0*56
0,0,0,0,0,512,512,512,0,0.00,$BDFPD,0,946.297,0.00000,0.65782,-0.27724,0.0000000,0.0000000,0.000,0.0000,0.0000,0.0000,0,0,0,0*58
0,0,0,0,0,512,512,512,0,0.00,$BDFPD,0,946.497,0.00000,0.65825,-0.27673,0.0000000,0.0000000,0.000,0.0000,0.0000,0.0000,0,0,0,0*5f
0,0,0,0,0,512,512,512,0,0.00,$BDFPD,0,946.697,0.00000,0.65796,-0.27713,0.0000000,0.0000000,0.000,0.0000,0.0000,0.0000,0,0,0,0*5d
0,0,0,0,0,512,512,512,0,0.00,$BDFPD,0,946.897,0.00000,0.65769,-0.27704,0.0000000,0.0000000,0.000,0.0000,0.0000,0.0000,0,0,0,0*55
0,0,0,0,0,512,512,512,0,0.00,$BDFPD,0,947.097,0.00000,0.65748,-0.27747,0.0000000,0.0000000,0.000,0.0000,0.0000,0.0000,0,0,0,0*58
0,0,0,0,0,512,512,512,0,0.00,$BDFPD,0,947.297,0.00000,0.65755,-0.27745,0.0000000,0.0000000,0.000,0.0000,0.0000,0.0000,0,0,0,0*54
0,0,0,0,0,512,512,512,0,0.00,$BDFPD,0,947.497,0.00000,0.65650,-0.27752,0.0000000,0.0000000,0.000,0.0000,0.0000,0.0000,0,0,0,0*50
0,0,0,0,0,512,512,512,0,0.00,$BDFPD,0,947.697,0.00000,0.65693,-0.27766,0.0000000,0.0000000,0.000,0.0000,0.0000,0.0000,0,0,0,0*5a
0,0,0,0,0,512,512,512,0,0.00,$BDFPD,0,947.897,0.00000,0.65685,-0.27788,0.0000000,0.0000000,0.000,0.0000,0.0000,0.0000,0,0,0,0*53
0,0,0,0,0,512,512,512,0,0.00,$BDFPD,0,948.097,0.00000,0.65578,-0.27721,0.0000000,0.0000000,0.000,0.0000,0.0000,0.0000,0,0,0,0*56
0,0,0,0,0,512,512,512,0,0.00,$BDFPD,0,948.297,0.00000,0.65593,-0.27693,0.0000000,0.0000000,0.000,0.0000,0.0000,0.0000,0,0,0,0*59
0,0,0,0,0,512,512,512,0,0.00,$BDFPD,0,948.497,0.00000,0.65485,-0.27643,0.0000000,0.0000000,0.000,0.0000,0.0000,0.0000,0,0,0,0*54
0,0,0,0,0,512,512,512,0,0.00,$BDFPD,0,948.697,0.00000,0.65650,-0.27684,0.0000000,0.0000000,0.000,0.0000,0.0000,0.0000,0,0,0,0*57
0,0,0,0,0,512,512,512,0,0.00,$BDFPD,0,948.897,0.00000,0.65746,-0.27644,0.0000000,0.0000000,0.000,0.0000,0.0000,0.0000,0,0,0,0*53
0,0,0,0,0,512,512,512,0,0.00,$BDFPD,0,949.097,0.00000,0.65676,-0.27788,0.0000000,0.0000000,0.000,0.0000,0.0000,0.0000,0,0,0,0*59
0,0,0,0,0,512,512,512,0,0.00,$BDFPD,0,949.297,0.00000,0.65686,-0.27777,0.0000000,0.0000000,0.000,0.0000,0.0000,0.0000,0,0,0,0*54
0,0,0,0,0,512,512,512,0,0.00,$BDFPD,0,949.497,0.00000,0.65665,-0.27872,0.0000000,0.0000000,0.000,0.0000,0.0000,0.0000,0,0,0,0*55
0,0,0,0,0,512,512,512,0,0.00,$BDFPD,0,949.697,0.00000,0.65679,-0.27892,0.0000000,0.0000000,0.000,0.0000,0.0000,0.0000,0,0,0,0*54
0,0,0,0,0,512,512,512,0,0.00,$BDFPD,0,949.897,0.00000,0.65702,-0.27880,0.0000000,0.0000000,0.000,0.0000,0.0000,0.0000,0,0,0,0*54
0,0,0,0,0,512,512,512,0,0.00,$BDFPD,0,950.097,0.00000,0.65782,-0.27848,0.0000000,0.0000000,0.000,0.0000,0.0000,0.0000,0,0,0,0*58
0,0,0,0,0,512,512,512,0,0.00,$BDFPD,0,950.297,0.00000,0.65736,-0.27899,0.0000000,0.0000000,0.000,0.0000,0.0000,0.0000,0,0,0,0*59
0,0,0,0,0,512,512,512,0,0.00,$BDFPD,0,950.497,0.00000,0.65818,-0.27840,0.0000000,0.0000000,0.000,0.0000,0.0000,0.0000,0,0,0,0*58
0,0,0,0,0,512,512,512,0,0.00,$BDFPD,0,950.697,0.00000,0.65820,-0.27820,0.0000000,0.0000000,0.000,0.0000,0.0000,0.0000,0,0,0,0*57
0,0,0,0,0,512,512,512,0,0.00,$BDFPD,0,950.897,0.00000,0.65870,-0.27817,0.0000000,0.0000000,0.000,0.0000,0.0000,0.0000,0,0,0,0*58
0,0,0,0,0,512,512,512,0,0.00,$BDFPD,0,951.097,0.00000,0.65959,-0.27841,0.0000000,0.0000000,0.000,0.0000,0.0000,0.0000,0,0,0,0*58
0,0,0,0,0,512,512,512,0,0.00,$BDFPD,0,951.297,0.00000,0.66090,-0.27845,0.0000000,0.0000000,0.000,0.0000,0.0000,0.0000,0,0,0,0*51
0,0,0,0,0,512,512,512,0,0.00,$BDFPD,0,951.497,0.00000,0.66280,-0.27950,0.0000000,0.0000000,0.000,0.0000,0.0000,0.0000,0,0,0,0*51
0,0,0,0,0,512,512,512,0,0.00,$BDFPD,0,951.697,0.00000,0.66045,-0.27946,0.0000000,0.0000000,0.000,0.0000,0.0000,0.0000,0,0,0,0*5f
0,0,0,0,0,512,512,512,0,0.00,$BDFPD,0,951.897,0.00000,0.66002,-0.27900,0.0000000,0.0000000,0.000,0.0000,0.0000,0.0000,0,0,0,0*50
0,0,0,0,0,512,512,512,0,0.00,$BDFPD,0,952.097,0.00000,0.66025,-0.27861,0.0000000,0.0000000,0.000,0.0000,0.0000,0.0000,0,0,0,0*58
0,0,0,0,0,512,512,512,0,0.00,$BDFPD,0,952.297,0.00000,0.66024,-0.27888,0.0000000,0.0000000,0.000,0.0000,0.0000,0.0000,0,0,0,0*5c
0,0,0,0,0,512,512,512,0,0.00,$BDFPD,0,952.497,0.00000,0.66009,-0.27861,0.0000000,0.0000000,0.000,0.0000,0.0000,0.0000,0,0,0,0*52
0,0,0,0,0,512,512,512,0,0.00,$BDFPD,0,952.697,0.00000,0.65976,-0.27778,0.0000000,0.0000000,0.000,0.0000,0.0000,0.0000,0,0,0,0*55
0,0,0,0,0,512,512,512,0,0.00,$BDFPD,0,952.897,0.00000,0.65973,-0.27795,0.0000000,0.0000000,0.000,0.0000,0.0000,0.0000,0,0,0,0*5d
0,0,0,0,0,512,512,512,0,0.00,$BDFPD,0,953.097,0.00000,0.65933,-0.27801,0.0000000,0.0000000,0.000,0.0000,0.0000,0.0000,0,0,0,0*52
0,0,0,0,0,512,512,512,0,0.00,$BDFPD,0,953.297,0.00000,0.65972,-0.27767,0.0000000,0.0000000,0.000,0.0000,0.0000,0.0000,0,0,0,0*5a
0,0,0,0,0,512,512,512,0,0.00,$BDFPD,0,953.497,0.00000,0.66420,-0.27527,0.0000000,0.0000000,0.000,0.0000,0.0000,0.0000,0,0,0,0*53
0,0,0,0,0,512,512,512,0,0.00,$BDFPD,0,953.697,0.00000,0.66498,-0.27651,0.0000000,0.0000000,0.000,0.0000,0.0000,0.0000,0,0,0,0*50
0,0,0,0,0,512,512,512,0,0.00,$BDFPD,0,953.897,0.00000,0.66640,-0.27591,0.0000000,0.0000000,0.000,0.0000,0.0000,0.0000,0,0,0,0*56
0,0,0,0,0,512,512,512,0,0.00,$BDFPD,0,954.097,0.00000,0.66860,-0.27597,0.0000000,0.0000000,0.000,0.0000,0.0000,0.0000,0,0,0,0*53
0,0,0,0,0,512,512,512,0,0.00,$BDFPD,0,954.297,0.00000,0.66972,-0.27597,0.0000000,0.0000000,0.000,0.0000,0.0000,0.0000,0,0,0,0*53
0,0,0,0,0,512,512,512,0,0.00,$BDFPD,0,954.497,0.00000,0.67103,-0.27574,0.0000000,0.0000000,0.000,0.0000,0.0000,0.0000,0,0,0,0*57
0,0,0,0,0,512,512,512,0,0.00,$BDFPD,0,954.697,0.00000,0.67394,-0.27490,0.0000000,0.0000000,0.000,0.0000,0.0000,0.0000,0,0,0,0*52
0,0,0,0,0,512,512,512,0,0.00,$BDFPD,0,954.897,0.00000,0.67606,-0.27524,0.0000000,0.0000000,0.000,0.0000,0.0000,0.0000,0,0,0,0*5c
0,0,0,0,0,512,512,512,0,0.00,$BDFPD,0,955.097,0.00000,0.67762,-0.27569,0.0000000,0.0000000,0.000,0.0000,0.0000,0.0000,0,0,0,0*5f
0,0,0,0,0,512,512,512,0,0.00,$BDFPD,0,955.297,0.00000,0.68009,-0.27573,0.0000000,0.0000000,0.000,0.0000,0.0000,0.0000,0,0,0,0*53
0,0,0,0,0,512,512,512,0,0.00,$BDFPD,0,955.497,0.00000,0.68285,-0.27534,0.0000000,0.0000000,0.000,0.0000,0.0000,0.0000,0,0,0,0*50
0,0,0,0,0,512,512,512,0,0.00,$BDFPD,0,955.697,0.00000,0.68417,-0.27549,0.0000000,0.0000000,0.000,0.0000,0.0000,0.0000,0,0,0,0*55
0,0,0,0,0,512,512,512,0,0.00,$BDFPD,0,955.897,0.00000,0.68496,-0.27537,0.0000000,0.0000000,0.000,0.0000,0.0000,0.0000,0,0,0,0*5b
0,0,0,0,0,512,512,512,0,0.00,$BDFPD,0,956.097,0.00000,0.68612,-0.27477,0.0000000,0.0000000,0.000,0.0000,0.0000,0.0000,0,0,0,0*5b
0,0,0,0,0,512,512,512,0,0.00,$BDFPD,0,956.297,0.00000,0.68689,-0.27486,0.0000000,0.0000000,0.000,0.0000,0.0000,0.0000,0,0,0,0*55
0,0,0,0,0,512,512,512,0,0.00,$BDFPD,0,956.497,0.00000,0.68316,-0.27786,0.0000000,0.0000000,0.000,0.0000,0.0000,0.0000,0,0,0,0*53
0,0,0,0,0,512,512,512,0,0.00,$BDFPD,0,956.697,0.00000,0.68356,-0.27674,0.0000000,0.0000000,0.000,0.0000,0.0000,0.0000,0,0,0,0*59
0,0,0,0,0,512,512,512,0,0.00,$BDFPD,0,956.897,0.00000,0.68296,-0.27733,0.0000000,0.0000000,0.000,0.0000,0.0000,0.0000,0,0,0,0*58
0,0,0,0,0,512,512,512,0,0.00,$BDFPD,0,957.097,0.00000,0.68175,-0.27714,0.0000000,0.0000000,0.000,0.0000,0.0000,0.0000,0,0,0,0*5a
0,0,0,0,0,512,512,512,0,0.00,$BDFPD,0,957.297,0.00000,0.68027,-0.27732,0.0000000,0.0000000,0.000,0.0000,0.0000,0.0000,0,0,0,0*5a
0,0,0,0,0,512,512,512,0,0.00,$BDFPD,0,957.497,0.00000,0.67879,-0.27752,0.0000000,0.0000000,0.000,0.0000,0.0000,0.0000,0,0,0,0*56
0,0,0,0,0,512,512,512,0,0.00,$BDFPD,0,957.697,0.00000,0.67729,-0.27853,0.0000000,0.0000000,0.000,0.0000,0.0000,0.0000,0,0,0,0*50
0,0,0,0,0,512,512,512,0,0.00,$BDFPD,0,957.897,0.00000,0.67649,-0.27831,0.0000000,0.0000000,0.000,0.0000,0.0000,0.0000,0,0,0,0*5d
0,0,0,0,0,512,512,512,0,0.00,$BDFPD,0,958.097,0.00000,0.67502,-0.27783,0.0000000,0.0000000,0.000,0.0000,0.0000,0.0000,0,0,0,0*50
0,0,0,0,0,512,512,512,0,0.00,$BDFPD,0,958.297,0.00000,0.67471,-0.27778,0.0000000,0.0000000,0.000,0.0000,0.0000,0.0000,0,0,0,0*53
0,0,0,0,0,512,512,512,0,0.00,$BDFPD,0,958.497,0.00000,0.67321,-0.27804,0.0000000,0.0000000,0.000,0.0000,0.0000,0.0000,0,0,0,0*53
0,0,0,0,0,512,512,512,0,0.00,$BDFPD,0,958.697,0.00000,0.67324,-0.27768,0.0000000,0.0000000,0.000,0.0000,0.0000,0.0000,0,0,0,0*51
1,0,0,0,0,512,512,512,0,0.00,$BDFPD,0,958.897,0.00000,0.67520,-0.27780,0.0000000,0.0000000,0.000,0.0000,0.0000,0.0000,0,0,0,0*5b
1,0,0,0,0,512,512,512,0,0.00,$BDFPD,0,959.097,0.00000,0.67593,-0.27838,0.0000000,0.0000000,0.000,0.0000,0.0000,0.0000,0,0,0,0*56
1,0,0,0,0,512,512,512,0,0.00,$BDFPD,0,959.297,0.00000,0.67687,-0.27811,0.0000000,0.0000000,0.000,0.0000,0.0000,0.0000,0,0,0,0*59
1,0,0,0,0,512,512,512,0,0.00,$BDFPD,0,959.497,0.00000,0.67706,-0.27782,0.0000000,0.0000000,0.000,0.0000,0.0000,0.0000,0,0,0,0*52
1,0,0,0,0,512,512,512,0,0.00,$BDFPD,0,959.697,0.00000,0.67757,-0.27768,0.0000000,0.0000000,0.000,0.0000,0.0000,0.0000,0,0,0,0*50
1,0,0,0,0,512,512,512,0,0.00,$BDFPD,0,959.897,0.00000,0.67824,-0.27734,0.0000000,0.0000000,0.000,0.0000,0.0000,0.0000,0,0,0,0*5c
1,0,0,0,0,512,512,512,0,0.00,$BDFPD,0,960.097,0.00000,0.67916,-0.27745,0.0000000,0.0000000,0.000,0.0000,0.0000,0.0000,0,0,0,0*58
1,0,0,0,0,512,512,512,0,0.00,$BDFPD,0,960.297,0.00000,0.67990,-0.27723,0.0000000,0.0000000,0.000,0.0000,0.0000,0.0000,0,0,0,0*54
1,0,0,0,0,512,512,512,0,0.00,$BDFPD,0,960.497,0.00000,0.68111,-0.27680,0.0000000,0.0000000,0.000,0.0000,0.0000,0.0000,0,0,0,0*54
1,0,0,0,0,512,512,512,0,0.00,$BDFPD,0,960.697,0.00000,0.68214,-0.27636,0.0000000,0.0000000,0.000,0.0000,0.0000,0.0000,0,0,0,0*5d
1,0,0,0,0,512,512,512,0,0.00,$BDFPD,0,960.897,0.00000,0.68280,-0.27704,0.0000000,0.0000000,0.000,0.0000,0.0000,0.0000,0,0,0,0*5e
1,0,0,0,0,512,512,512,0,0.00,$BDFPD,0,961.097,0.00000,0.68437,-0.27720,0.0000000,0.0000000,0.000,0.0000,0.0000,0.0000,0,0,0,0*5b
1,0,0,0,0,512,512,512,0,0.00,$BDFPD,0,961.297,0.00000,0.68427,-0.27700,0.0000000,0.0000000,0.000,0.0000,0.0000,0.0000,0,0,0,0*5a
1,0,0,0,0,512,512,512,0,0.00,$BDFPD,0,961.497,0.00000,0.68535,-0.27694,0.0000000,0.0000000,0.000,0.0000,0.0000,0.0000,0,0,0,0*52
1,0,0,0,0,512,512,512,0,0.00,$BDFPD,0,961.697,0.00000,0.68469,-0.27767,0.0000000,0.0000000,0.000,0.0000,0.0000,0.0000,0,0,0,0*55
1,0,0,0,0,512,512,512,0,0.00,$BDFPD,0,961.897,0.00000,0.68319,-0.27782,0.0000000,0.0000000,0.000,0.0000,0.0000,0.0000,0,0,0,0*50
1,0,0,0,0,512,512,512,0,0.00,$BDFPD,0,962.097,0.00000,0.68213,-0.27773,0.0000000,0.0000000,0.000,0.0000,0.0000,0.0000,0,0,0,0*5e
1,0,0,0,0,512,512,512,0,0.00,$BDFPD,0,962.297,0.00000,0.68209,-0.27817,0.0000000,0.0000000,0.000,0.0000,0.0000,0.0000,0,0,0,0*5a
1,0,0,0,0,512,512,512,0,0.00,$BDFPD,0,962.497,0.00000,0.68308,-0.27834,0.0000000,0.0000000,0.000,0.0000,0.0000,0.0000,0,0,0,0*5d
1,0,0,0,0,512,512,512,0,0.00,$BDFPD,0,962.697,0.00000,0.68461,-0.27853,0.0000000,0.0000000,0.000,0.0000,0.0000,0.0000,0,0,0,0*56
1,0,0,0,0,512,512,512,0,0.00,$BDFPD,0,962.897,0.00000,0.68521,-0.27899,0.0000000,0.0000000,0.000,0.0000,0.0000,0.0000,0,0,0,0*5b
1,0,0,0,0,512,512,512,0,0.00,$BDFPD,0,963.097,0.00000,0.68566,-0.27927,0.0000000,0.0000000,0.000,0.0000,0.0000,0.0000,0,0,0,0*55
1,0,0,0,0,512,512,512,0,0.00,$BDFPD,0,963.297,0.00000,0.68682,-0.27964,0.0000000,0.0000000,0.000,0.0000,0.0000,0.0000,0,0,0,0*59
1,0,0,0,0,512,512,512,0,0.00,$BDFPD,0,963.497,0.00000,0.68810,-0.27983,0.0000000,0.0000000,0.000,0.0000,0.0000,0.0000,0,0,0,0*53
1,0,0,0,0,512,512,512,0,0.00,$BDFPD,0,963.697,0.00000,0.69008,-0.27932,0.0000000,0.0000000,0.000,0.0000,0.0000,0.0000,0,0,0,0*5b
1,0,0,0,0,512,512,512,0,0.00,$BDFPD,0,963.897,0.00000,0.69141,-0.27885,0.0000000,0.0000000,0.000,0.0000,0.0000,0.0000,0,0,0,0*54
1,0,0,0,0,512,512,512,0,0.00,$BDFPD,0,964.097,0.00000,0.68997,-0.27900,0.0000000,0.0000000,0.000,0.0000,0.0000,0.0000,0,0,0,0*55
1,0,0,0,0,512,512,512,0,0.00,$BDFPD,0,964.297,0.00000,0.68940,-0.27966,0.0000000,0.0000000,0.000,0.0000,0.0000,0.0000,0,0,0,0*5d
1,0,0,0,0,512,512,512,0,0.00,$BDFPD,0,964.497,0.00000,0.68869,-0.27999,0.0000000,0.0000000,0.000,0.0000,0.0000,0.0000,0,0,0,0*51
1,0,0,0,0,512,512,512,0,0.00,$BDFPD,0,964.697,0.00000,0.69048,-0.27981,0.0000000,0.0000000,0.000,0.0000,0.0000,0.0000,0,0,0,0*50
1,0,0,0,0,512,512,512,0,0.00,$BDFPD,0,964.897,0.00000,0.69118,-0.27964,0.0000000,0.0000000,0.000,0.0000,0.0000,0.0000,0,0,0,0*51
1,0,0,0,0,512,512,512,0,0.00,$BDFPD,0,965.097,0.00000,0.69244,-0.27978,0.0000000,0.0000000,0.000,0.0000,0.0000,0.0000,0,0,0,0*5f
1,0,0,0,0,512,512,512,0,0.00,$BDFPD,0,965.297,0.00000,0.69374,-0.27989,0.0000000,0.0000000,0.000,0.0000,0.0000,0.0000,0,0,0,0*51
1,0,0,0,0,512,512,512,0,0.00,$BDFPD,0,965.497,0.00000,0.69386,-0.28024,0.0000000,0.0000000,0.000,0.0000,0.0000,0.0000,0,0,0,0*5b
1,0,0,0,0,512,512,512,0,0.00,$BDFPD,0,965.697,0.00000,0.69312,-0.28028,0.0000000,0.0000000,0.000,0.0000,0.0000,0.0000,0,0,0,0*58
1,0,0,0,0,512,512,512,0,0.00,$BDFPD,0,965.897,0.00000,0.69326,-0.27983,0.0000000,0.0000000,0.000,0.0000,0.0000,0.0000,0,0,0,0*56
1,0,0,0,0,512,512,512,0,0.00,$BDFPD,0,966.097,0.00000,0.69305,-0.27930,0.0000000,0.0000000,0.000,0.0000,0.0000,0.0000,0,0,0,0*54
1,0,0,0,0,512,512,512,0,0.00,$BDFPD,0,966.297,0.00000,0.69261,-0.27920,0.0000000,0.0000000,0.000,0.0000,0.0000,0.0000,0,0,0,0*54
1,0,0,0,0,512,512,512,0,0.00,$BDFPD,0,966.497,0.00000,0.69120,-0.27914,0.0000000,0.0000000,0.000,0.0000,0.0000,0.0000,0,0,0,0*53
1,0,0,0,0,512,512,512,0,0.00,$BDFPD,0,966.697,0.00000,0.68983,-0.27972,0.0000000,0.0000000,0.000,0.0000,0.0000,0.0000,0,0,0,0*51
1,0,0,0,0,512,512,512,0,0.00,$BDFPD,0,966.897,0.00000,0.68897,-0.28005,0.0000000,0.0000000,0.000,0.0000,0.0000,0.0000,0,0,0,0*5d
1,0,0,0,0,512,512,512,0,0.00,$BDFPD,0,967.097,0.00000,0.69114,-0.28032,0.0000000,0.0000000,0.000,0.0000,0.0000,0.0000,0,0,0,0*53
1,0,0,0,0,512,512,512,0,0.00,$BDFPD,0,967.297,0.00000,0.69238,-0.27980,0.0000000,0.0000000,0.000,0.0000,0.0000,0.0000,0,0,0,0*53
1,0,0,0,0,512,512,512,0,0.00,$BDFPD,0,967.497,0.00000,0.69094,-0.27972,0.0000000,0.0000000,0.000,0.0000,0.0000,0.0000,0,0,0,0*5c
1,0,0,0,0,512,512,512,0,0.00,$BDFPD,0,967.697,0.00000,0.68959,-0.27984,0.0000000,0.0000000,0.000,0.0000,0.0000,0.0000,0,0,0,0*5e
1,0,0,0,0,512,512,512,0,0.00,$BDFPD,0,967.897,0.00000,0.68786,-0.27999,0.0000000,0.0000000,0.000,0.0000,0.0000,0.0000,0,0,0,0*50
1,0,0,0,0,512,512,512,0,0.00,$BDFPD,0,968.097,0.00000,0.68610,-0.27970,0.0000000,0.0000000,0.000,0.0000,0.0000,0.0000,0,0,0,0*5e
1,0,0,0,0,512,512,512,0,0.00,$BDFPD,0,968.297,0.00000,0.68368,-0.27918,0.0000000,0.0000000,0.000,0.0000,0.0000,0.0000,0,0,0,0*58
1,0,0,0,0,512,512,512,0,0.00,$BDFPD,0,968.497,0.00000,0.68105,-0.27849,0.0000000,0.0000000,0.000,0.0000,0.0000,0.0000,0,0,0,0*52
1,0,0,0,0,512,512,512,0,0.00,$BDFPD,0,968.697,0.00000,0.67833,-0.27830,0.0000000,0.0000000,0.000,0.0000,0.0000,0.0000,0,0,0,0*5d
1,0,0,0,0,512,512,512,0,0.00,$BDFPD,0,968.897,0.00000,0.67584,-0.27841,0.0000000,0.0000000,0.000,0.0000,0.0000,0.0000,0,0,0,0*54
1,0,0,0,0,512,512,512,0,0.00,$BDFPD,0,969.097,0.00000,0.67357,-0.27833,0.0000000,0.0000000,0.000,0.0000,0.0000,0.0000,0,0,0,0*50
1,0,0,0,0,512,512,512,0,0.00,$BDFPD,0,969.297,0.00000,0.67231,-0.27737,0.0000000,0.0000000,0.000,0.0000,0.0000,0.0000,0,0,0,0*58
1,0,0,0,0,512,512,512,0,0.00,$BDFPD,0,969.497,0.00000,0.67083,-0.27824,0.0000000,0.0000000,0.000,0.0000,0.0000,0.0000,0,0,0,0*58
1,0,0,0,0,512,512,512,0,0.00,$BDFPD,0,969.697,0.00000,0.66847,-0.27773,0.0000000,0.0000000,0.000,0.0000,0.0000,0.0000,0,0,0,0*56
1,0,0,0,0,512,512,512,0,0.00,$BDFPD,0,969.897,0.00000,0.66682,-0.27747,0.0000000,0.0000000,0.000,0.0000,0.0000,0.0000,0,0,0,0*58
1,0,0,0,0,512,512,512,0,0.00,$BDFPD,0,970.097,0.00000,0.66566,-0.27879,0.0000000,0.0000000,0.000,0.0000,0.0000,0.0000,0,0,0,0*53
1,0,0,0,0,512,512,512,0,0.00,$BDFPD,0,970.297,0.00000,0.65958,-0.27570,0.0000000,0.0000000,0.000,0.0000,0.0000,0.0000,0,0,0,0*57
1,0,0,0,0,512,512,512,0,0.00,$BDFPD,0,970.497,0.00000,0.65828,-0.27598,0.0000000,0.0000000,0.000,0.0000,0.0000,0.0000,0,0,0,0*51
1,0,0,0,0,512,512,512,0,0.00,$BDFPD,0,970.697,0.00000,0.65499,-0.27527,0.0000000,0.0000000,0.000,0.0000,0.0000,0.0000,0,0,0,0*51
1,0,0,0,0,512,512,512,0,0.00,$BDFPD,0,970.897,0.00000,0.65261,-0.27515,0.0000000,0.0000000,0.000,0.0000,0.0000,0.0000,0,0,0,0*5f
1,0,0,0,0,512,512,512,0,0.00,$BDFPD,0,971.097,0.00000,0.65024,-0.27512,0.0000000,0.0000000,0.000,0.0000,0.0000,0.0000,0,0,0,0*52
1,0,0,0,0,512,512,512,0,0.00,$BDFPD,0,971.297,0.00000,0.64771,-0.27539,0.0000000,0.0000000,0.000,0.0000,0.0000,0.0000,0,0,0,0*5f
1,0,0,0,0,512,512,512,0,0.00,$BDFPD,0,971.497,0.00000,0.64565,-0.27518,0.0000000,0.0000000,0.000,0.0000,0.0000,0.0000,0,0,0,0*5d
1,0,0,0,0,512,512,512,0,0.00,$BDFPD,0,971.697,0.00000,0.64407,-0.27497,0.0000000,0.0000000,0.000,0.0000,0.0000,0.0000,0,0,0,0*5c
1,0,0,0,0,512,512,512,0,0.00,$BDFPD,0,971.897,0.00000,0.64188,-0.27486,0.0000000,0.0000000,0.000,0.0000,0.0000,0.0000,0,0,0,0*50
1,0,0,0,0,512,512,512,0,0.00,$BDFPD,0,972.097,0.00000,0.63963,-0.27498,0.0000000,0.0000000,0.000,0.0000,0.0000,0.0000,0,0,0,0*5e
1,0,0,0,0,512,512,512,0,0.00,$BDFPD,0,972.297,0.00000,0.63654,-0.27559,0.0000000,0.0000000,0.000,0.0000,0.0000,0.0000,0,0,0,0*5b
1,0,0,0,0,512,512,512,0,0.00,$BDFPD,0,972.497,0.00000,0.63420,-0.27443,0.0000000,0.0000000,0.000,0.0000,0.0000,0.0000,0,0,0,0*56
1,0,0,0,0,512,512,512,0,0.00,$BDFPD,0,972.697,0.00000,0.63177,-0.27471,0.0000000,0.0000000,0.000,0.0000,0.0000,0.0000,0,0,0,0*52
1,0,0,0,0,512,512,512,0,0.00,$BDFPD,0,972.897,0.00000,0.62920,-0.27422,0.0000000,0.0000000,0.000,0.0000,0.0000,0.0000,0,0,0,0*51
1,0,0,0,0,512,512,512,0,0.00,$BDFPD,0,973.097,0.00000,0.62565,-0.27242,0.0000000,0.0000000,0.000,0.0000,0.0000,0.0000,0,0,0,0*55
1,0,0,0,0,512,512,512,0,0.00,$BDFPD,0,973.297,0.00000,0.62675,-0.27522,0.0000000,0.0000000,0.000,0.0000,0.0000,0.0000,0,0,0,0*54
1,0,0,0,0,512,512,512,0,0.00,$BDFPD,0,973.497,0.00000,0.62568,-0.27468,0.0000000,0.0000000,0.000,0.0000,0.0000,0.0000,0,0,0,0*52
3,0,0,0,0,512,512,512,0,0.00,$BDFPD,0,973.697,0.00000,0.62589,-0.27511,0.0000000,0.0000000,0.000,0.0000,0.0000,0.0000,0,0,0,0*50
3,0,0,0,0,512,512,512,0,0.00,$BDFPD,0,973.897,0.00000,0.62582,-0.27478,0.0000000,0.0000000,0.000,0.0000,0.0000,0.0000,0,0,0,0*5b
3,0,0,0,0,512,512,512,0,0.00,$BDFPD,0,974.097,0.00000,0.62578,-0.27467,0.0000000,0.0000000,0.000,0.0000,0.0000,0.0000,0,0,0,0*5f
3,0,0,0,0,512,512,512,0,0.00,$BDFPD,0,974.297,0.00000,0.62608,-0.27432,0.0000000,0.0000000,0.000,0.0000,0.0000,0.0000,0,0,0,0*59
3,0,0,0,0,512,512,512,0,0.00,$BDFPD,0,974.497,0.00000,0.62631,-0.27443,0.0000000,0.0000000,0.000,0.0000,0.0000,0.0000,0,0,0,0*53
3,0,0,0,0,512,512,512,0,0.00,$BDFPD,0,974.697,0.00000,0.62643,-0.27389,0.0000000,0.0000000,0.000,0.0000,0.0000,0.0000,0,0,0,0*55
3,0,0,0,0,512,512,512,0,0.00,$BDFPD,0,974.897,0.00000,0.62642,-0.27366,0.0000000,0.0000000,0.000,0.0000,0.0000,0.0000,0,0,0,0*5b
3,0,0,0,0,512,512,512,0,0.00,$BDFPD,0,975.097,0.00000,0.62632,-0.27361,0.0000000,0.0000000,0.000,0.0000,0.0000,0.0000,0,0,0,0*52
3,0,0,0,0,512,512,512,0,0.00,$BDFPD,0,975.297,0.00000,0.62643,-0.27369,0.0000000,0.0000000,0.000,0.0000,0.0000,0.0000,0,0,0,0*5e
3,0,0,0,0,512,512,512,0,0.00,$BDFPD,0,975.497,0.00000,0.62579,-0.27363,0.0000000,0.0000000,0.000,0.0000,0.0000,0.0000,0,0,0,0*58
3,0,0,0,0,512,512,512,0,0.00,$BDFPD,0,975.697,0.00000,0.62597,-0.27317,0.0000000,0.0000000,0.000,0.0000,0.0000,0.0000,0,0,0,0*59
3,0,0,0,0,512,512,512,0,0.00,$BDFPD,0,975.897,0.00000,0.62605,-0.27365,0.0000000,0.0000000,0.000,0.0000,0.0000,0.0000,0,0,0,0*5a
3,0,0,0,0,512,512,512,0,0.00,$BDFPD,0,976.097,0.00000,0.62636,-0.27324,0.0000000,0.0000000,0.000,0.0000,0.0000,0.0000,0,0,0,0*54
3,0,0,0,0,512,512,512,0,0.00,$BDFPD,0,976.297,0.00000,0.62675,-0.27321,0.0000000,0.0000000,0.000,0.0000,0.0000,0.0000,0,0,0,0*54
3,0,0,0,0,512,512,512,0,0.00,$BDFPD,0,976.497,0.00000,0.62689,-0.27272,0.0000000,0.0000000,0.000,0.0000,0.0000,0.0000,0,0,0,0*56
3,0,0,0,0,512,512,512,0,0.00,$BDFPD,0,976.697,0.00000,0.62692,-0.27254,0.0000000,0.0000000,0.000,0.0000,0.0000,0.0000,0,0,0,0*5a
3,0,0,0,0,512,512,512,0,0.00,$BDFPD,0,976.897,0.00000,0.62683,-0.27246,0.0000000,0.0000000,0.000,0.0000,0.0000,0.0000,0,0,0,0*57
3,0,0,0,0,512,512,512,0,0.00,$BDFPD,0,977.097,0.00000,0.62666,-0.27251,0.0000000,0.0000000,0.000,0.0000,0.0000,0.0000,0,0,0,0*53
3,0,0,0,0,512,512,512,0,0.00,$BDFPD,0,977.297,0.00000,0.62681,-0.27222,0.0000000,0.0000000,0.000,0.0000,0.0000,0.0000,0,0,0,0*5c
3,0,0,0,0,512,512,512,0,0.00,$BDFPD,0,977.497,0.00000,0.62666,-0.27205,0.0000000,0.0000000,0.000,0.0000,0.0000,0.0000,0,0,0,0*56
3,0,0,0,0,512,512,512,0,0.00,$BDFPD,0,977.697,0.00000,0.62604,-0.27277,0.0000000,0.0000000,0.000,0.0000,0.0000,0.0000,0,0,0,0*55
3,0,0,0,0,512,512,512,0,0.00,$BDFPD,0,977.897,0.00000,0.62627,-0.27297,0.0000000,0.0000000,0.000,0.0000,0.0000,0.0000,0,0,0,0*54
3,0,0,0,0,512,512,512,0,0.00,$BDFPD,0,978.097,0.00000,0.62665,-0.27262,0.0000000,0.0000000,0.000,0.0000,0.0000,0.0000,0,0,0,0*5f
3,0,0,0,0,512,512,512,0,0.00,$BDFPD,0,978.297,0.00000,0.62674,-0.27277,0.0000000,0.0000000,0.000,0.0000,0.0000,0.0000,0,0,0,0*59
3,0,0,0,0,512,512,512,0,0.00,$BDFPD,0,978.497,0.00000,0.62730,-0.27270,0.0000000,0.0000000,0.000,0.0000,0.0000,0.0000,0,0,0,0*59
3,0,0,0,0,512,512,512,0,0.00,$BDFPD,0,978.697,0.00000,0.62765,-0.27322,0.0000000,0.0000000,0.000,0.0000,0.0000,0.0000,0,0,0,0*5d
3,0,0,0,0,512,512,512,0,0.00,$BDFPD,0,978.897,0.00000,0.62789,-0.27324,0.0000000,0.0000000,0.000,0.0000,0.0000,0.0000,0,0,0,0*57
3,0,0,0,0,512,512,512,0,0.00,$BDFPD,0,979.097,0.00000,0.62790,-0.27368,0.0000000,0.0000000,0.000,0.0000,0.0000,0.0000,0,0,0,0*5e
3,0,0,0,0,512,512,512,0,0.00,$BDFPD,0,979.297,0.00000,0.62809,-0.27390,0.0000000,0.0000000,0.000,0.0000,0.0000,0.0000,0,0,0,0*54
3,0,0,0,0,512,512,512,0,0.00,$BDFPD,0,979.497,0.00000,0.62821,-0.27411,0.0000000,0.0000000,0.000,0.0000,0.0000,0.0000,0,0,0,0*56
3,0,0,0,0,512,512,512,0,0.00,$BDFPD,0,979.697,0.00000,0.62911,-0.27359,0.0000000,0.0000000,0.000,0.0000,0.0000,0.0000,0,0,0,0*5d
3,0,0,0,0,512,512,512,0,0.00,$BDFPD,0,979.897,0.00000,0.62985,-0.27327,0.0000000,0.0000000,0.000,0.0000,0.0000,0.0000,0,0,0,0*57
3,0,0,0,0,512,512,512,0,0.00,$BDFPD,0,980.097,0.00000,0.62996,-0.27274,0.0000000,0.0000000,0.000,0.0000,0.0000,0.0000,0,0,0,0*5c
3,0,0,0,0,512,512,512,0,0.00,$BDFPD,0,980.297,0.00000,0.62976,-0.27399,0.0000000,0.0000000,0.000,0.0000,0.0000,0.0000,0,0,0,0*52
3,0,0,0,0,512,512,512,0,0.00,$BDFPD,0,980.497,0.00000,0.62934,-0.27355,0.0000000,0.0000000,0.000,0.0000,0.0000,0.0000,0,0,0,0*52
3,0,0,0,0,512,512,512,0,0.00,$BDFPD,0,980.697,0.00000,0.63052,-0.27380,0.0000000,0.0000000,0.000,0.0000,0.0000,0.0000,0,0,0,0*50
3,0,0,0,0,512,512,512,0,0.00,$BDFPD,0,980.897,0.00000,0.63059,-0.27377,0.0000000,0.0000000,0.000,0.0000,0.0000,0.0000,0,0,0,0*5d
3,0,0,0,0,512,512,512,0,0.00,$BDFPD,0,981.097,0.00000,0.63180,-0.27469,0.0000000,0.0000000,0.000,0.0000,0.0000,0.0000,0,0,0,0*59
3,0,0,0,0,512,512,512,0,0.00,$BDFPD,0,981.297,0.00000,0.63204,-0.27363,0.0000000,0.0000000,0.000,0.0000,0.0000,0.0000,0,0,0,0*59
3,0,0,0,0,512,512,512,0,0.00,$BDFPD,0,981.497,0.00000,0.63317,-0.27392,0.0000000,0.0000000,0.000,0.0000,0.0000,0.0000,0,0,0,0*52
3,0,0,0,0,512,512,512,0,0.00,$BDFPD,0,981.697,0.00000,0.63414,-0.27408,0.0000000,0.0000000,0.000,0.0000,0.0000,0.0000,0,0,0,0*50
3,0,0,0,0,512,512,512,0,0.00,$BDFPD,0,981.897,0.00000,0.63543,-0.27418,0.0000000,0.0000000,0.000,0.0000,0.0000,0.0000,0,0,0,0*5c
3,0,0,0,0,512,512,512,0,0.00,$BDFPD,0,982.097,0.00000,0.63648,-0.27440,0.0000000,0.0000000,0.000,0.0000,0.0000,0.0000,0,0,0,0*52
3,0,0,0,0,512,512,512,0,0.00,$BDFPD,0,982.297,0.00000,0.63679,-0.27458,0.0000000,0.0000000,0.000,0.0000,0.0000,0.0000,0,0,0,0*5b
0,0,0,0,0,512,512,512,0,0.00,$BDFPD,0,1058.697,0.00000,0.65499,-0.27944,0.0000000,0.0000000,0.000,0.0000,0.0000,0.0000,0,0,0,0*6a
0,0,0,0,0,512,512,512,0,0.00,$BDFPD,0,1058.897,0.00000,0.65463,-0.27950,0.0000000,0.0000000,0.000,0.0000,0.0000,0.0000,0,0,0,0*64
0,0,0,0,0,512,512,512,0,0.00,$BDFPD,0,1059.097,0.00000,0.65480,-0.27881,0.0000000,0.0000000,0.000,0.0000,0.0000,0.0000,0,0,0,0*6d
0,0,0,0,0,512,512,512,0,0.00,$BDFPD,0,1059.297,0.00000,0.65433,-0.27903,0.0000000,0.0000000,0.000,0.0000,0.0000,0.0000,0,0,0,0*6c
0,0,0,0,0,512,512,512,0,0.00,$BDFPD,0,1059.497,0.00000,0.65417,-0.27849,0.0000000,0.0000000,0.000,0.0000,0.0000,0.0000,0,0,0,0*63
0,0,0,0,0,512,512,512,0,0.00,$BDFPD,0,1059.697,0.00000,0.65349,-0.27877,0.0000000,0.0000000,0.000,0.0000,0.0000,0.0000,0,0,0,0*60
0,0,0,0,0,512,512,512,0,0.00,$BDFPD,0,1059.897,0.00000,0.65297,-0.27909,0.0000000,0.0000000,0.000,0.0000,0.0000,0.0000,0,0,0,0*64
0,0,0,0,0,512,512,512,0,0.00,$BDFPD,0,1060.097,0.00000,0.65234,-0.27891,0.0000000,0.0000000,0.000,0.0000,0.0000,0.0000,0,0,0,0*6f
0,0,0,0,0,512,512,512,0,0.00,$BDFPD,0,1060.297,0.00000,0.65262,-0.27891,0.0000000,0.0000000,0.000,0.0000,0.0000,0.0000,0,0,0,0*6e
0,0,0,0,0,512,512,512,0,0.00,$BDFPD,0,1060.497,0.00000,0.65199,-0.27856,0.0000000,0.0000000,0.000,0.0000,0.0000,0.0000,0,0,0,0*64
0,0,0,0,0,512,512,512,0,0.00,$BDFPD,0,1060.697,0.00000,0.65230,-0.27889,0.0000000,0.0000000,0.000,0.0000,0.0000,0.0000,0,0,0,0*64
0,0,0,0,0,512,512,512,0,0.00,$BDFPD,0,1060.897,0.00000,0.65268,-0.27878,0.0000000,0.0000000,0.000,0.0000,0.0000,0.0000,0,0,0,0*69
0,0,0,0,0,512,512,512,0,0.00,$BDFPD,0,1061.097,0.00000,0.65343,-0.27867,0.0000000,0.0000000,0.000,0.0000,0.0000,0.0000,0,0,0,0*66
0,0,0,0,0,512,512,512,0,0.00,$BDFPD,0,1061.297,0.00000,0.65399,-0.27884,0.0000000,0.0000000,0.000,0.0000,0.0000,0.0000,0,0,0,0*6e
0,0,0,0,0,512,512,512,0,0.00,$BDFPD,0,1061.497,0.00000,0.65403,-0.27857,0.0000000,0.0000000,0.000,0.0000,0.0000,0.0000,0,0,0,0*62
0,0,0,0,0,512,512,512,0,0.00,$BDFPD,0,1061.697,0.00000,0.65438,-0.27853,0.0000000,0.0000000,0.000,0.0000,0.0000,0.0000,0,0,0,0*6c
0,0,0,0,0,512,512,512,0,0.00,$BDFPD,0,1061.897,0.00000,0.65443,-0.27820,0.0000000,0.0000000,0.000,0.0000,0.0000,0.0000,0,0,0,0*6a
0,0,0,0,0,512,512,512,0,0.00,$BDFPD,0,1062.097,0.00000,0.65371,-0.27921,0.0000000,0.0000000,0.000,0.0000,0.0000,0.0000,0,0,0,0*67
0,0,0,0,0,512,512,512,0,0.00,$BDFPD,0,1062.297,0.00000,0.65466,-0.27843,0.0000000,0.0000000,0.000,0.0000,0.0000,0.0000,0,0,0,0*61
0,0,0,0,0,512,512,512,0,0.00,$BDFPD,0,1062.497,0.00000,0.65473,-0.27875,0.0000000,0.0000000,0.000,0.0000,0.0000,0.0000,0,0,0,0*66
0,0,0,0,0,512,512,512,0,0.00,$BDFPD,0,1062.697,0.00000,0.65487,-0.27860,0.0000000,0.0000000,0.000,0.0000,0.0000,0.0000,0,0,0,0*6b
0,0,0,0,0,512,512,512,0,0.00,$BDFPD,0,1062.897,0.00000,0.65551,-0.27796,0.0000000,0.0000000,0.000,0.0000,0.0000,0.0000,0,0,0,0*69
0,0,0,0,0,512,512,512,0,0.00,$BDFPD,0,1063.097,0.00000,0.65597,-0.27820,0.0000000,0.0000000,0.000,0.0000,0.0000,0.0000,0,0,0,0*68
0,0,0,0,0,512,512,512,0,0.00,$BDFPD,0,1063.297,0.00000,0.65514,-0.27848,0.0000000,0.0000000,0.000,0.0000,0.0000,0.0000,0,0,0,0*6f
0,0,0,0,0,512,512,512,0,0.00,$BDFPD,0,1063.497,0.00000,0.65647,-0.27837,0.0000000,0.0000000,0.000,0.0000,0.0000,0.0000,0,0,0,0*64
0,0,0,0,0,512,512,512,0,0.00,$BDFPD,0,1063.697,0.00000,0.65690,-0.27815,0.0000000,0.0000000,0.000,0.0000,0.0000,0.0000,0,0,0,0*6c
0,0,0,0,0,512,512,512,0,0.00,$BDFPD,0,1063.897,0.00000,0.65807,-0.27806,0.0000000,0.0000000,0.000,0.0000,0.0000,0.0000,0,0,0,0*60
0,0,0,0,0,512,512,512,0,0.00,$BDFPD,0,1064.097,0.00000,0.65910,-0.27789,0.0000000,0.0000000,0.000,0.0000,0.0000,0.0000,0,0,0,0*60
0,0,0,0,0,512,512,512,0,0.00,$BDFPD,0,1064.297,0.00000,0.66041,-0.27802,0.0000000,0.0000000,0.000,0.0000,0.0000,0.0000,0,0,0,0*60
0,0,0,0,0,512,512,512,0,0.00,$BDFPD,0,1064.497,0.00000,0.66112,-0.27826,0.0000000,0.0000000,0.000,0.0000,0.0000,0.0000,0,0,0,0*67
0,0,0,0,0,512,512,512,0,0.00,$BDFPD,0,1064.697,0.00000,0.66218,-0.27830,0.0000000,0.0000000,0.000,0.0000,0.0000,0.0000,0,0,0,0*6b
0,0,0,0,0,512,512,512,0,0.00,$BDFPD,0,1064.897,0.00000,0.66324,-0.27876,0.0000000,0.0000000,0.000,0.0000,0.0000,0.0000,0,0,0,0*69
0,0,0,0,0,512,512,512,0,0.00,$BDFPD,0,1065.097,0.00000,0.66421,-0.27760,0.0000000,0.0000000,0.000,0.0000,0.0000,0.0000,0,0,0,0*6a
0,0,0,0,0,512,512,512,0,0.00,$BDFPD,0,1065.297,0.00000,0.66373,-0.27787,0.0000000,0.0000000,0.000,0.0000,0.0000,0.0000,0,0,0,0*61
0,0,0,0,0,512,512,512,0,0.00,$BDFPD,0,1065.497,0.00000,0.66298,-0.27833,0.0000000,0.0000000,0.000,0.0000,0.0000,0.0000,0,0,0,0*63
0,0,0,0,0,512,512,512,0,0.00,$BDFPD,0,1065.697,0.00000,0.66540,-0.27733,0.0000000,0.0000000,0.000,0.0000,0.0000,0.0000,0,0,0,0*6c
0,0,0,0,0,512,512,512,0,0.00,$BDFPD,0,1065.897,0.00000,0.66733,-0.27827,0.0000000,0.0000000,0.000,0.0000,0.0000,0.0000,0,0,0,0*6e
0,0,0,0,0,512,512,512,0,0.00,$BDFPD,0,1066.097,0.00000,0.66893,-0.27836,0.0000000,0.0000000,0.000,0.0000,0.0000,0.0000,0,0,0,0*60
0,0,0,0,0,512,512,512,0,0.00,$BDFPD,0,1066.297,0.00000,0.67104,-0.27807,0.0000000,0.0000000,0.000,0.0000,0.0000,0.0000,0,0,0,0*66
0,0,0,0,0,512,512,512,0,0.00,$BDFPD,0,1066.497,0.00000,0.67178,-0.27873,0.0000000,0.0000000,0.000,0.0000,0.0000,0.0000,0,0,0,0*68
0,0,0,0,0,512,512,512,0,0.00,$BDFPD,0,1066.697,0.00000,0.67266,-0.27873,0.0000000,0.0000000,0.000,0.0000,0.0000,0.0000,0,0,0,0*66
0,0,0,0,0,512,512,512,0,0.00,$BDFPD,0,1066.897,0.00000,0.67357,-0.27890,0.0000000,0.0000000,0.000,0.0000,0.0000,0.0000,0,0,0,0*66
0,0,0,0,0,512,512,512,0,0.00,$BDFPD,0,1067.097,0.00000,0.67425,-0.27885,0.0000000,0.0000000,0.000,0.0000,0.0000,0.0000,0,0,0,0*69
0,0,0,0,0,512,512,512,0,0.00,$BDFPD,0,1067.297,0.00000,0.67501,-0.27879,0.0000000,0.0000000,0.000,0.0000,0.0000,0.0000,0,0,0,0*6f
0,0,0,0,0,512,512,512,0,0.00,$BDFPD,0,1067.497,0.00000,0.67617,-0.27849,0.0000000,0.0000000,0.000,0.0000,0.0000,0.0000,0,0,0,0*6e
0,0,0,0,0,512,512,512,0,0.00,$BDFPD,0,1067.697,0.00000,0.67677,-0.27868,0.0000000,0.0000000,0.000,0.0000,0.0000,0.0000,0,0,0,0*69
0,0,0,0,0,512,512,512,0,0.00,$BDFPD,0,1067.897,0.00000,0.67793,-0.27858,0.0000000,0.0000000,0.000,0.0000,0.0000,0.0000,0,0,0,0*6f
0,0,0,0,0,512,512,512,0,0.00,$BDFPD,0,1068.097,0.00000,0.67961,-0.27946,0.0000000,0.0000000,0.000,0.0000,0.0000,0.0000,0,0,0,0*65
0,0,0,0,0,512,512,512,0,0.00,$BDFPD,0,1068.297,0.00000,0.68109,-0.28007,0.0000000,0.0000000,0.000,0.0000,0.0000,0.0000,0,0,0,0*6d
0,0,0,0,0,512,512,512,0,0.00,$BDFPD,0,1068.497,0.00000,0.68386,-0.27978,0.0000000,0.0000000,0.000,0.0000,0.0000,0.0000,0,0,0,0*60
1,0,0,0,0,512,512,512,0,0.00,$BDFPD,0,1068.697,0.00000,0.68337,-0.28063,0.0000000,0.0000000,0.000,0.0000,0.0000,0.0000,0,0,0,0*64
1,0,0,0,0,512,512,512,0,0.00,$BDFPD,0,1068.897,0.00000,0.68294,-0.28039,0.0000000,0.0000000,0.000,0.0000,0.0000,0.0000,0,0,0,0*6d
1,0,0,0,0,512,512,512,0,0.00,$BDFPD,0,1069.097,0.00000,0.68339,-0.28029,0.0000000,0.0000000,0.000,0.0000,0.0000,0.0000,0,0,0,0*63
1,0,0,0,0,512,512,512,0,0.00,$BDFPD,0,1069.297,0.00000,0.68377,-0.28027,0.0000000,0.0000000,0.000,0.0000,0.0000,0.0000,0,0,0,0*65
1,0,0,0,0,512,512,512,0,0.00,$BDFPD,0,1069.497,0.00000,0.68420,-0.28030,0.0000000,0.0000000,0.000,0.0000,0.0000,0.0000,0,0,0,0*60
1,0,0,0,0,512,512,512,0,0.00,$BDFPD,0,1069.697,0.00000,0.68428,-0.28071,0.0000000,0.0000000,0.000,0.0000,0.0000,0.0000,0,0,0,0*6f
1,0,0,0,0,512,512,512,0,0.00,$BDFPD,0,1069.897,0.00000,0.68363,-0.28042,0.0000000,0.0000000,0.000,0.0000,0.0000,0.0000,0,0,0,0*69
1,0,0,0,0,512,512,512,0,0.00,$BDFPD,0,1070.097,0.00000,0.68396,-0.28065,0.0000000,0.0000000,0.000,0.0000,0.0000,0.0000,0,0,0,0*66
1,0,0,0,0,512,512,512,0,0.00,$BDFPD,0,1070.297,0.00000,0.68350,-0.28018,0.0000000,0.0000000,0.000,0.0000,0.0000,0.0000,0,0,0,0*64
1,0,0,0,0,512,512,512,0,0.00,$BDFPD,0,1070.497,0.00000,0.68345,-0.28067,0.0000000,0.0000000,0.000,0.0000,0.0000,0.0000,0,0,0,0*6e
1,0,0,0,0,512,512,512,0,0.00,$BDFPD,0,1070.697,0.00000,0.68331,-0.28024,0.0000000,0.0000000,0.000,0.0000,0.0000,0.0000,0,0,0,0*68
1,0,0,0,0,512,512,512,0,0.00,$BDFPD,0,1070.897,0.00000,0.68340,-0.28022,0.0000000,0.0000000,0.000,0.0000,0.0000,0.0000,0,0,0,0*66
1,0,0,0,0,512,512,512,0,0.00,$BDFPD,0,1071.097,0.00000,0.68322,-0.27976,0.0000000,0.0000000,0.000,0.0000,0.0000,0.0000,0,0,0,0*6c
1,0,0,0,0,512,512,512,0,0.00,$BDFPD,0,1071.297,0.00000,0.68363,-0.27938,0.0000000,0.0000000,0.000,0.0000,0.0000,0.0000,0,0,0,0*61
1,0,0,0,0,512,512,512,0,0.00,$BDFPD,0,1071.497,0.00000,0.68344,-0.27956,0.0000000,0.0000000,0.000,0.0000,0.0000,0.0000,0,0,0,0*6a
1,0,0,0,0,512,512,512,0,0.00,$BDFPD,0,1071.697,0.00000,0.68371,-0.27963,0.0000000,0.0000000,0.000,0.0000,0.0000,0.0000,0,0,0,0*68
1,0,0,0,0,512,512,512,0,0.00,$BDFPD,0,1071.897,0.00000,0.68400,-0.27914,0.0000000,0.0000000,0.000,0.0000,0.0000,0.0000,0,0,0,0*67
1,0,0,0,0,512,512,512,0,0.00,$BDFPD,0,1072.097,0.00000,0.68388,-0.27929,0.0000000,0.0000000,0.000,0.0000,0.0000,0.0000,0,0,0,0*65
3,0,0,0,0,512,512,512,0,0.00,$BDFPD,0,1072.297,0.00000,0.68389,-0.27936,0.0000000,0.0000000,0.000,0.0000,0.0000,0.0000,0,0,0,0*68
3,0,0,0,0,512,512,512,0,0.00,$BDFPD,0,1072.497,0.00000,0.68363,-0.27880,0.0000000,0.0000000,0.000,0.0000,0.0000,0.0000,0,0,0,0*66
3,0,0,0,0,512,512,512,0,0.00,$BDFPD,0,1072.697,0.00000,0.68378,-0.27898,0.0000000,0.0000000,0.000,0.0000,0.0000,0.0000,0,0,0,0*67
3,0,0,0,0,512,512,512,0,0.00,$BDFPD,0,1072.897,0.00000,0.68426,-0.27923,0.0000000,0.0000000,0.000,0.0000,0.0000,0.0000,0,0,0,0*64
3,0,0,0,0,512,512,512,0,0.00,$BDFPD,0,1073.097,0.00000,0.68446,-0.27889,0.0000000,0.0000000,0.000,0.0000,0.0000,0.0000,0,0,0,0*6a
3,0,0,0,0,512,512,512,0,0.00,$BDFPD,0,1073.297,0.00000,0.68474,-0.27925,0.0000000,0.0000000,0.000,0.0000,0.0000,0.0000,0,0,0,0*6e
3,0,0,0,0,512,512,512,0,0.00,$BDFPD,0,1073.497,0.00000,0.68461,-0.27882,0.0000000,0.0000000,0.000,0.0000,0.0000,0.0000,0,0,0,0*60
3,0,0,0,0,512,512,512,0,0.00,$BDFPD,0,1073.697,0.00000,0.68453,-0.27948,0.0000000,0.0000000,0.000,0.0000,0.0000,0.0000,0,0,0,0*64
3,0,0,0,0,512,512,512,0,0.00,$BDFPD,0,1073.897,0.00000,0.68393,-0.27971,0.0000000,0.0000000,0.000,0.0000,0.0000,0.0000,0,0,0,0*6b
3,0,0,0,0,512,512,512,0,0.00,$BDFPD,0,1074.097,0.00000,0.68387,-0.27988,0.0000000,0.0000000,0.000,0.0000,0.0000,0.0000,0,0,0,0*67
3,0,0,0,0,512,512,512,0,0.00,$BDFPD,0,1074.297,0.00000,0.68384,-0.27963,0.0000000,0.0000000,0.000,0.0000,0.0000,0.0000,0,0,0,0*63
3,0,0,0,0,512,512,512,0,0.00,$BDFPD,0,1074.497,0.00000,0.68434,-0.27985,0.0000000,0.0000000,0.000,0.0000,0.0000,0.0000,0,0,0,0*61
3,0,0,0,0,512,512,512,0,0.00,$BDFPD,0,1074.697,0.00000,0.68426,-0.27968,0.0000000,0.0000000,0.000,0.0000,0.0000,0.0000,0,0,0,0*63
3,0,0,0,0,512,512,512,0,0.00,$BDFPD,0,1074.897,0.00000,0.68452,-0.27978,0.0000000,0.0000000,0.000,0.0000,0.0000,0.0000,0,0,0,0*6f
3,0,0,0,0,512,512,512,0,0.00,$BDFPD,0,1075.097,0.00000,0.68463,-0.28006,0.0000000,0.0000000,0.000,0.0000,0.0000,0.0000,0,0,0,0*6b
3,0,0,0,0,512,512,512,0,0.00,$BDFPD,0,1075.297,0.00000,0.68455,-0.28008,0.0000000,0.0000000,0.000,0.0000,0.0000,0.0000,0,0,0,0*62
3,0,0,0,0,512,512,512,0,0.00,$BDFPD,0,1075.497,0.00000,0.68521,-0.28050,0.0000000,0.0000000,0.000,0.0000,0.0000,0.0000,0,0,0,0*6b
3,0,0,0,0,512,512,512,0,0.00,$BDFPD,0,1075.697,0.00000,0.68538,-0.28053,0.0000000,0.0000000,0.000,0.0000,0.0000,0.0000,0,0,0,0*62
3,0,0,0,0,512,512,512,0,0.00,$BDFPD,0,1075.897,0.00000,0.68528,-0.27987,0.0000000,0.0000000,0.000,0.0000,0.0000,0.0000,0,0,0,0*62
3,0,0,0,0,512,512,512,0,0.00,$BDFPD,0,1076.097,0.00000,0.68553,-0.28027,0.0000000,0.0000000,0.000,0.0000,0.0000,0.0000,0,0,0,0*69
3,0,0,0,0,512,512,512,0,0.00,$BDFPD,0,1076.297,0.00000,0.68589,-0.28016,0.0000000,0.0000000,0.000,0.0000,0.0000,0.0000,0,0,0,0*6e
3,0,0,0,0,512,512,512,0,0.00,$BDFPD,0,1076.497,0.00000,0.68620,-0.28044,0.0000000,0.0000000,0.000,0.0000,0.0000,0.0000,0,0,0,0*6f
3,0,0,0,0,512,512,512,0,0.00,$BDFPD,0,1076.697,0.00000,0.68657,-0.28010,0.0000000,0.0000000,0.000,0.0000,0.0000,0.0000,0,0,0,0*6c
3,0,0,0,0,512,512,512,0,0.00,$BDFPD,0,1076.897,0.00000,0.68704,-0.28031,0.0000000,0.0000000,0.000,0.0000,0.0000,0.0000,0,0,0,0*66
3,0,0,0,0,512,512,512,0,0.00,$BDFPD,0,1077.097,0.00000,0.68725,-0.28026,0.0000000,0.0000000,0.000,0.0000,0.0000,0.0000,0,0,0,0*6a
3,0,0,0,0,512,512,512,0,0.00,$BDFPD,0,1077.297,0.00000,0.68721,-0.28028,0.0000000,0.0000000,0.000,0.0000,0.0000,0.0000,0,0,0,0*62
3,0,0,0,0,512,512,512,0,0.00,$BDFPD,0,1077.497,0.00000,0.68734,-0.27979,0.0000000,0.0000000,0.000,0.0000,0.0000,0.0000,0,0,0,0*62
3,0,0,0,0,512,512,512,0,0.00,$BDFPD,0,1077.697,0.00000,0.68746,-0.27973,0.0000000,0.0000000,0.000,0.0000,0.0000,0.0000,0,0,0,0*6f
3,0,0,0,0,512,512,512,0,0.00,$BDFPD,0,1077.897,0.00000,0.68711,-0.27970,0.0000000,0.0000000,0.000,0.0000,0.0000,0.0000,0,0,0,0*60
3,0,0,0,0,512,512,512,0,0.00,$BDFPD,0,1078.097,0.00000,0.68724,-0.27928,0.0000000,0.0000000,0.000,0.0000,0.0000,0.0000,0,0,0,0*6c
3,0,0,0,0,512,512,512,0,0.00,$BDFPD,0,1078.297,0.00000,0.68773,-0.27879,0.0000000,0.0000000,0.000,0.0000,0.0000,0.0000,0,0,0,0*69
3,0,0,0,0,512,512,512,0,0.00,$BDFPD,0,1078.497,0.00000,0.68738,-0.27887,0.0000000,0.0000000,0.000,0.0000,0.0000,0.0000,0,0,0,0*61
3,0,0,0,0,512,512,512,0,0.00,$BDFPD,0,1078.697,0.00000,0.68695,-0.27868,0.0000000,0.0000000,0.000,0.0000,0.0000,0.0000,0,0,0,0*64
3,0,0,0,0,512,512,512,0,0.00,$BDFPD,0,1078.897,0.00000,0.68725,-0.27913,0.0000000,0.0000000,0.000,0.0000,0.0000,0.0000,0,0,0,0*6d
3,0,0,0,0,512,512,512,0,0.00,$BDFPD,0,1079.097,0.00000,0.68632,-0.27925,0.0000000,0.0000000,0.000,0.0000,0.0000,0.0000,0,0,0,0*66
3,0,0,0,0,512,512,512,0,0.00,$BDFPD,0,1079.297,0.00000,0.68614,-0.27954,0.0000000,0.0000000,0.000,0.0000,0.0000,0.0000,0,0,0,0*66
3,0,0,0,0,512,512,512,0,0.00,$BDFPD,0,1079.497,0.00000,0.68633,-0.27923,0.0000000,0.0000000,0.000,0.0000,0.0000,0.0000,0,0,0,0*65
3,0,0,0,0,512,512,512,0,0.00,$BDFPD,0,1079.697,0.00000,0.68632,-0.27974,0.0000000,0.0000000,0.000,0.0000,0.0000,0.0000,0,0,0,0*64
3,0,0,0,0,512,512,512,0,0.00,$BDFPD,0,1079.897,0.00000,0.68645,-0.27944,0.0000000,0.0000000,0.000,0.0000,0.0000,0.0000,0,0,0,0*69
3,0,0,0,0,512,512,512,0,0.00,$BDFPD,0,1080.097,0.00000,0.68655,-0.27976,0.0000000,0.0000000,0.000,0.0000,0.0000,0.0000,0,0,0,0*67
3,0,0,0,0,512,512,512,0,0.00,$BDFPD,0,1080.297,0.00000,0.68699,-0.27989,0.0000000,0.0000000,0.000,0.0000,0.0000,0.0000,0,0,0,0*65
3,0,0,0,0,512,512,512,0,0.00,$BDFPD,0,1080.497,0.00000,0.68657,-0.28020,0.0000000,0.0000000,0.000,0.0000,0.0000,0.0000,0,0,0,0*64
3,0,0,0,0,512,512,512,0,0.00,$BDFPD,0,1080.697,0.00000,0.68654,-0.27989,0.0000000,0.0000000,0.000,0.0000,0.0000,0.0000,0,0,0,0*60
3,0,0,0,0,512,512,512,0,0.00,$BDFPD,0,1080.897,0.00000,0.68663,-0.28004,0.0000000,0.0000000,0.000,0.0000,0.0000,0.0000,0,0,0,0*69
3,0,0,0,0,512,512,512,0,0.00,$BDFPD,0,1081.097,0.00000,0.68621,-0.28015,0.0000000,0.0000000,0.000,0.0000,0.0000,0.0000,0,0,0,0*66
3,0,0,0,0,512,512,512,0,0.00,$BDFPD,0,1081.297,0.00000,0.68606,-0.28094,0.0000000,0.0000000,0.000,0.0000,0.0000,0.0000,0,0,0,0*68
3,0,0,0,0,512,512,512,0,0.00,$BDFPD,0,1081.497,0.00000,0.68601,-0.28035,0.0000000,0.0000000,0.000,0.0000,0.0000,0.0000,0,0,0,0*62
3,0,0,0,0,512,512,512,0,0.00,$BDFPD,0,1081.697,0.00000,0.68577,-0.28044,0.0000000,0.0000000,0.000,0.0000,0.0000,0.0000,0,0,0,0*64
3,0,0,0,0,512,512,512,0,0.00,$BDFPD,0,1081.897,0.00000,0.68546,-0.28110,0.0000000,0.0000000,0.000,0.0000,0.0000,0.0000,0,0,0,0*68
3,0,0,0,0,512,512,512,0,0.00,$BDFPD,0,1082.097,0.00000,0.68601,-0.28050,0.0000000,0.0000000,0.000,0.0000,0.0000,0.0000,0,0,0,0*66
3,0,0,0,0,512,512,512,0,0.00,$BDFPD,0,1082.297,0.00000,0.68613,-0.28058,0.0000000,0.0000000,0.000,0.0000,0.0000,0.0000,0,0,0,0*6f
3,0,0,0,0,512,512,512,0,0.00,$BDFPD,0,1082.497,0.00000,0.68574,-0.28067,0.0000000,0.0000000,0.000,0.0000,0.0000,0.0000,0,0,0,0*67
3,0,0,0,0,512,512,512,0,0.00,$BDFPD,0,1082.697,0.00000,0.68573,-0.28052,0.0000000,0.0000000,0.000,0.0000,0.0000,0.0000,0,0,0,0*64
3,0,0,0,0,512,512,512,0,0.00,$BDFPD,0,1082.897,0.00000,0.68559,-0.28055,0.0000000,0.0000000,0.000,0.0000,0.0000,0.0000,0,0,0,0*65
3,0,0,0,0,512,512,512,0,0.00,$BDFPD,0,1083.097,0.00000,0.68605,-0.28053,0.0000000,0.0000000,0.000,0.0000,0.0000,0.0000,0,0,0,0*60
3,0,0,0,0,512,512,512,0,0.00,$BDFPD,0,1083.297,0.00000,0.68726,-0.27912,0.0000000,0.0000000,0.000,0.0000,0.0000,0.0000,0,0,0,0*61
3,0,0,0,0,512,512,512,0,0.00,$BDFPD,0,1083.497,0.00000,0.68615,-0.27778,0.0000000,0.0000000,0.000,0.0000,0.0000,0.0000,0,0,0,0*64
3,0,0,0,0,512,512,512,0,0.00,$BDFPD,0,1083.697,0.00000,0.68462,-0.27821,0.0000000,0.0000000,0.000,0.0000,0.0000,0.0000,0,0,0,0*67
3,0,0,0,0,512,512,512,0,0.00,$BDFPD,0,1083.897,0.00000,0.68061,-0.27785,0.0000000,0.0000000,0.000,0.0000,0.0000,0.0000,0,0,0,0*6f
3,0,0,0,0,512,512,512,0,0.00,$BDFPD,0,1084.097,0.00000,0.67739,-0.27798,0.0000000,0.0000000,0.000,0.0000,0.0000,0.0000,0,0,0,0*69
3,0,0,0,0,512,512,512,0,0.00,$BDFPD,0,1084.297,0.00000,0.67364,-0.27733,0.0000000,0.0000000,0.000,0.0000,0.0000,0.0000,0,0,0,0*66
1,0,0,0,0,512,512,512,0,0.00,$BDFPD,0,1084.497,0.00000,0.66964,-0.27761,0.0000000,0.0000000,0.000,0.0000,0.0000,0.0000,0,0,0,0*6c
1,0,0,0,0,512,512,512,0,0.00,$BDFPD,0,1084.697,0.00000,0.66603,-0.27694,0.0000000,0.0000000,0.000,0.0000,0.0000,0.0000,0,0,0,0*6b
1,0,0,0,0,512,512,512,0,0.00,$BDFPD,0,1084.897,0.00000,0.66262,-0.27651,0.0000000,0.0000000,0.000,0.0000,0.0000,0.0000,0,0,0,0*6f
1,0,0,0,0,512,512,512,0,0.00,$BDFPD,0,1085.097,0.00000,0.65906,-0.27630,0.0000000,0.0000000,0.000,0.0000,0.0000,0.0000,0,0,0,0*6b
1,0,0,0,0,512,512,512,0,0.00,$BDFPD,0,1085.297,0.00000,0.65497,-0.27537,0.0000000,0.0000000,0.000,0.0000,0.0000,0.0000,0,0,0,0*68
1,0,0,0,0,512,512,512,0,0.00,$BDFPD,0,1085.497,0.00000,0.65156,-0.27513,0.0000000,0.0000000,0.000,0.0000,0.0000,0.0000,0,0,0,0*60
1,0,0,0,0,512,512,512,0,0.00,$BDFPD,0,1085.697,0.00000,0.64789,-0.27466,0.0000000,0.0000000,0.000,0.0000,0.0000,0.0000,0,0,0,0*64
1,0,0,0,0,512,512,512,0,0.00,$BDFPD,0,1085.897,0.00000,0.64405,-0.27432,0.0000000,0.0000000,0.000,0.0000,0.0000,0.0000,0,0,0,0*6c
1,0,0,0,0,512,512,512,0,0.00,$BDFPD,0,1086.097,0.00000,0.64007,-0.27328,0.0000000,0.0000000,0.000,0.0000,0.0000,0.0000,0,0,0,0*6d
1,0,0,0,0,512,512,512,0,0.00,$BDFPD,0,1086.297,0.00000,0.63459,-0.27416,0.0000000,0.0000000,0.000,0.0000,0.0000,0.0000,0,0,0,0*6d
1,0,0,0,0,512,512,512,0,0.00,$BDFPD,0,1086.497,0.00000,0.63206,-0.27497,0.0000000,0.0000000,0.000,0.0000,0.0000,0.0000,0,0,0,0*6e
1,0,0,0,0,512,512,512,0,0.00,$BDFPD,0,1086.697,0.00000,0.62976,-0.27469,0.0000000,0.0000000,0.000,0.0000,0.0000,0.0000,0,0,0,0*60
1,0,0,0,0,512,512,512,0,0.00,$BDFPD,0,1086.897,0.00000,0.62975,-0.27469,0.0000000,0.0000000,0.000,0.0000,0.0000,0.0000,0,0,0,0*6d
1,0,0,0,0,512,512,512,0,0.00,$BDFPD,0,1087.097,0.00000,0.62934,-0.27427,0.0000000,0.0000000,0.000,0.0000,0.0000,0.0000,0,0,0,0*6b
1,0,0,0,0,512,512,512,0,0.00,$BDFPD,0,1087.297,0.00000,0.62945,-0.27412,0.0000000,0.0000000,0.000,0.0000,0.0000,0.0000,0,0,0,0*69
1,0,0,0,0,512,512,512,0,0.00,$BDFPD,0,1087.497,0.00000,0.62969,-0.27349,0.0000000,0.0000000,0.000,0.0000,0.0000,0.0000,0,0,0,0*68
1,0,0,0,0,512,512,512,0,0.00,$BDFPD,0,1087.697,0.00000,0.62998,-0.27306,0.0000000,0.0000000,0.000,0.0000,0.0000,0.0000,0,0,0,0*6f
1,0,0,0,0,512,512,512,0,0.00,$BDFPD,0,1087.897,0.00000,0.62971,-0.27250,0.0000000,0.0000000,0.000,0.0000,0.0000,0.0000,0,0,0,0*64
1,0,0,0,0,512,512,512,0,0.00,$BDFPD,0,1088.097,0.00000,0.62933,-0.27293,0.0000000,0.0000000,0.000,0.0000,0.0000,0.0000,0,0,0,0*6a
1,0,0,0,0,512,512,512,0,0.00,$BDFPD,0,1088.297,0.00000,0.62936,-0.27346,0.0000000,0.0000000,0.000,0.0000,0.0000,0.0000,0,0,0,0*64
1,0,0,0,0,512,512,512,0,0.00,$BDFPD,0,1088.497,0.00000,0.62938,-0.27332,0.0000000,0.0000000,0.000,0.0000,0.0000,0.0000,0,0,0,0*6f
1,0,0,0,0,512,512,512,0,0.00,$BDFPD,0,1088.697,0.00000,0.62942,-0.27322,0.0000000,0.0000000,0.000,0.0000,0.0000,0.0000,0,0,0,0*61
1,0,0,0,0,512,512,512,0,0.00,$BDFPD,0,1088.897,0.00000,0.62940,-0.27292,0.0000000,0.0000000,0.000,0.0000,0.0000,0.0000,0,0,0,0*67
1,0,0,0,0,512,512,512,0,0.00,$BDFPD,0,1089.097,0.00000,0.62900,-0.27343,0.0000000,0.0000000,0.000,0.0000,0.0000,0.0000,0,0,0,0*67
1,0,0,0,0,512,512,512,0,0.00,$BDFPD,0,1089.297,0.00000,0.62919,-0.27331,0.0000000,0.0000000,0.000,0.0000,0.0000,0.0000,0,0,0,0*68
1,0,0,0,0,512,512,512,0,0.00,$BDFPD,0,1089.497,0.00000,0.62919,-0.27311,0.0000000,0.0000000,0.000,0.0000,0.0000,0.0000,0,0,0,0*6c
1,0,0,0,0,512,512,512,0,0.00,$BDFPD,0,1089.697,0.00000,0.62932,-0.27277,0.0000000,0.0000000,0.000,0.0000,0.0000,0.0000,0,0,0,0*66
1,0,0,0,0,512,512,512,0,0.00,$BDFPD,0,1089.897,0.00000,0.62928,-0.27266,0.0000000,0.0000000,0.000,0.0000,0.0000,0.0000,0,0,0,0*63
1,0,0,0,0,512,512,512,0,0.00,$BDFPD,0,1090.097,0.00000,0.62961,-0.27224,0.0000000,0.0000000,0.000,0.0000,0.0000,0.0000,0,0,0,0*68
1,0,0,0,0,512,512,512,0,0.00,$BDFPD,0,1090.297,0.00000,0.62942,-0.27250,0.0000000,0.0000000,0.000,0.0000,0.0000,0.0000,0,0,0,0*68
1,0,0,0,0,512,512,512,0,0.00,$BDFPD,0,1090.497,0.00000,0.62936,-0.27306,0.0000000,0.0000000,0.000,0.0000,0.0000,0.0000,0,0,0,0*6f
1,0,0,0,0,512,512,512,0,0.00,$BDFPD,0,1090.697,0.00000,0.62948,-0.27372,0.0000000,0.0000000,0.000,0.0000,0.0000,0.0000,0,0,0,0*67
1,0,0,0,0,512,512,512,0,0.00,$BDFPD,0,1090.897,0.00000,0.62961,-0.27407,0.0000000,0.0000000,0.000,0.0000,0.0000,0.0000,0,0,0,0*67
1,0,0,0,0,512,512,512,0,0.00,$BDFPD,0,1091.097,0.00000,0.62926,-0.27364,0.0000000,0.0000000,0.000,0.0000,0.0000,0.0000,0,0,0,0*6f
1,0,0,0,0,512,512,512,0,0.00,$BDFPD,0,1091.297,0.00000,0.62929,-0.27331,0.0000000,0.0000000,0.000,0.0000,0.0000,0.0000,0,0,0,0*62
1,0,0,0,0,512,512,512,0,0.00,$BDFPD,0,1091.497,0.00000,0.62954,-0.27329,0.0000000,0.0000000,0.000,0.0000,0.0000,0.0000,0,0,0,0*67
1,0,0,0,0,512,512,512,0,0.00,$BDFPD,0,1091.697,0.00000,0.62903,-0.27312,0.0000000,0.0000000,0.000,0.0000,0.0000,0.0000,0,0,0,0*6f
1,0,0,0,0,512,512,512,0,0.00,$BDFPD,0,1091.897,0.00000,0.62879,-0.27314,0.0000000,0.0000000,0.000,0.0000,0.0000,0.0000,0,0,0,0*6b
1,0,0,0,0,512,512,512,0,0.00,$BDFPD,0,1092.097,0.00000,0.62900,-0.27269,0.0000000,0.0000000,0.000,0.0000,0.0000,0.0000,0,0,0,0*64
1,0,0,0,0,512,512,512,0,0.00,$BDFPD,0,1092.297,0.00000,0.62848,-0.27292,0.0000000,0.0000000,0.000,0.0000,0.0000,0.0000,0,0,0,0*6f
1,0,0,0,0,512,512,512,0,0.00,$BDFPD,0,1092.497,0.00000,0.62858,-0.27315,0.0000000,0.0000000,0.000,0.0000,0.0000,0.0000,0,0,0,0*66
1,0,0,0,0,512,512,512,0,0.00,$BDFPD,0,1092.697,0.00000,0.62860,-0.27309,0.0000000,0.0000000,0.000,0.0000,0.0000,0.0000,0,0,0,0*62
1,0,0,0,0,512,512,512,0,0.00,$BDFPD,0,1092.897,0.00000,0.62890,-0.27314,0.0000000,0.0000000,0.000,0.0000,0.0000,0.0000,0,0,0,0*6f
1,0,0,0,0,512,512,512,0,0.00,$BDFPD,0,1093.097,0.00000,0.62912,-0.27337,0.0000000,0.0000000,0.000,0.0000,0.0000,0.0000,0,0,0,0*6c
1,0,0,0,0,512,512,512,0,0.00,$BDFPD,0,1093.297,0.00000,0.62900,-0.27347,0.0000000,0.0000000,0.000,0.0000,0.0000,0.0000,0,0,0,0*6a
1,0,0,0,0,512,512,512,0,0.00,$BDFPD,0,1093.497,0.00000,0.62911,-0.27315,0.0000000,0.0000000,0.000,0.0000,0.0000,0.0000,0,0,0,0*6b
1,0,0,0,0,512,512,512,0,0.00,$BDFPD,0,1093.697,0.00000,0.62915,-0.27286,0.0000000,0.0000000,0.000,0.0000,0.0000,0.0000,0,0,0,0*66
1,0,0,0,0,512,512,512,0,0.00,$BDFPD,0,1093.897,0.00000,0.62888,-0.27228,0.0000000,0.0000000,0.000,0.0000,0.0000,0.0000,0,0,0,0*69
1,0,0,0,0,512,512,512,0,0.00,$BDFPD,0,1094.097,0.00000,0.62874,-0.27228,0.0000000,0.0000000,0.000,0.0000,0.0000,0.0000,0,0,0,0*65
1,0,0,0,0,512,512,512,0,0.00,$BDFPD,0,1094.297,0.00000,0.62844,-0.27213,0.0000000,0.0000000,0.000,0.0000,0.0000,0.0000,0,0,0,0*6c
1,0,0,0,0,512,512,512,0,0.00,$BDFPD,0,1094.497,0.00000,0.62793,-0.27236,0.0000000,0.0000000,0.000,0.0000,0.0000,0.0000,0,0,0,0*68
1,0,0,0,0,512,512,512,0,0.00,$BDFPD,0,1094.697,0.00000,0.62823,-0.27277,0.0000000,0.0000000,0.000,0.0000,0.0000,0.0000,0,0,0,0*6b
1,0,0,0,0,512,512,512,0,0.00,$BDFPD,0,1094.897,0.00000,0.62844,-0.27260,0.0000000,0.0000000,0.000,0.0000,0.0000,0.0000,0,0,0,0*62
1,0,0,0,0,512,512,512,0,0.00,$BDFPD,0,1095.097,0.00000,0.62808,-0.27294,0.0000000,0.0000000,0.000,0.0000,0.0000,0.0000,0,0,0,0*68
1,0,0,0,0,512,512,512,0,0.00,$BDFPD,0,1095.297,0.00000,0.62798,-0.27257,0.0000000,0.0000000,0.000,0.0000,0.0000,0.0000,0,0,0,0*63
1,0,0,0,0,512,512,512,0,0.00,$BDFPD,0,1095.497,0.00000,0.62775,-0.27237,0.0000000,0.0000000,0.000,0.0000,0.0000,0.0000,0,0,0,0*60
1,0,0,0,0,512,512,512,0,0.00,$BDFPD,0,1095.697,0.00000,0.62747,-0.27248,0.0000000,0.0000000,0.000,0.0000,0.0000,0.0000,0,0,0,0*6b
1,0,0,0,0,512,512,512,0,0.00,$BDFPD,0,1095.897,0.00000,0.62692,-0.27256,0.0000000,0.0000000,0.000,0.0000,0.0000,0.0000,0,0,0,0*63
1,0,0,0,0,512,512,512,0,0.00,$BDFPD,0,1096.097,0.00000,0.62615,-0.27239,0.0000000,0.0000000,0.000,0.0000,0.0000,0.0000,0,0,0,0*6e
1,0,0,0,0,512,512,512,0,0.00,$BDFPD,0,1096.297,0.00000,0.62635,-0.27245,0.0000000,0.0000000,0.000,0.0000,0.0000,0.0000,0,0,0,0*65
1,0,0,0,0,512,512,512,0,0.00,$BDFPD,0,1096.497,0.00000,0.62625,-0.27244,0.0000000,0.0000000,0.000,0.0000,0.0000,0.0000,0,0,0,0*63
1,0,0,0,0,512,512,512,0,0.00,$BDFPD,0,1096.697,0.00000,0.62619,-0.27265,0.0000000,0.0000000,0.000,0.0000,0.0000,0.0000,0,0,0,0*6d
1,0,0,0,0,512,512,512,0,0.00,$BDFPD,0,1096.897,0.00000,0.62616,-0.27335,0.0000000,0.0000000,0.000,0.0000,0.0000,0.0000,0,0,0,0*68
1,0,0,0,0,512,512,512,0,0.00,$BDFPD,0,1097.097,0.00000,0.62618,-0.27355,0.0000000,0.0000000,0.000,0.0000,0.0000,0.0000,0,0,0,0*69
1,0,0,0,0,512,512,512,0,0.00,$BDFPD,0,1097.297,0.00000,0.62647,-0.27340,0.0000000,0.0000000,0.000,0.0000,0.0000,0.0000,0,0,0,0*65
1,0,0,0,0,512,512,512,0,0.00,$BDFPD,0,1097.497,0.00000,0.62611,-0.27342,0.0000000,0.0000000,0.000,0.0000,0.0000,0.0000,0,0,0,0*62
1,0,0,0,0,512,512,512,0,0.00,$BDFPD,0,1097.697,0.00000,0.62583,-0.27354,0.0000000,0.0000000,0.000,0.0000,0.0000,0.0000,0,0,0,0*6f
1,0,0,0,0,512,512,512,0,0.00,$BDFPD,0,1097.897,0.00000,0.62592,-0.27363,0.0000000,0.0000000,0.000,0.0000,0.0000,0.0000,0,0,0,0*65
1,0,0,0,0,512,512,512,0,0.00,$BDFPD,0,1098.097,0.00000,0.62583,-0.27368,0.0000000,0.0000000,0.000,0.0000,0.0000,0.0000,0,0,0,0*69
1,0,0,0,0,512,512,512,0,0.00,$BDFPD,0,1098.297,0.00000,0.62638,-0.27407,0.0000000,0.0000000,0.000,0.0000,0.0000,0.0000,0,0,0,0*66
1,0,0,0,0,512,512,512,0,0.00,$BDFPD,0,1098.497,0.00000,0.62623,-0.27397,0.0000000,0.0000000,0.000,0.0000,0.0000,0.0000,0,0,0,0*64
1,0,0,0,0,512,512,512,0,0.00,$BDFPD,0,1098.697,0.00000,0.62615,-0.27412,0.0000000,0.0000000,0.000,0.0000,0.0000,0.0000,0,0,0,0*69
1,0,0,0,0,512,512,512,0,0.00,$BDFPD,0,1098.897,0.00000,0.62615,-0.27357,0.0000000,0.0000000,0.000,0.0000,0.0000,0.0000,0,0,0,0*61
1,0,0,0,0,512,512,512,0,0.00,$BDFPD,0,1099.097,0.00000,0.62650,-0.27388,0.0000000,0.0000000,0.000,0.0000,0.0000,0.0000,0,0,0,0*6b
1,0,0,0,0,512,512,512,0,0.00,$BDFPD,0,1099.297,0.00000,0.62623,-0.27354,0.0000000,0.0000000,0.000,0.0000,0.0000,0.0000,0,0,0,0*6c
1,0,0,0,0,512,512,512,0,0.00,$BDFPD,0,1099.497,0.00000,0.62588,-0.27330,0.0000000,0.0000000,0.000,0.0000,0.0000,0.0000,0,0,0,0*6a
1,0,0,0,0,512,512,512,0,0.00,$BDFPD,0,1099.697,0.00000,0.62556,-0.27305,0.0000000,0.0000000,0.000,0.0000,0.0000,0.0000,0,0,0,0*6d
1,0,0,0,0,512,512,512,0,0.00,$BDFPD,0,1099.897,0.00000,0.62533,-0.27239,0.0000000,0.0000000,0.000,0.0000,0.0000,0.0000,0,0,0,0*6e
1,0,0,0,0,512,512,512,0,0.00,$BDFPD,0,1100.097,0.00000,0.62588,-0.27215,0.0000000,0.0000000,0.000,0.0000,0.0000,0.0000,0,0,0,0*69
1,0,0,0,0,512,512,512,0,0.00,$BDFPD,0,1100.297,0.00000,0.62572,-0.27233,0.0000000,0.0000000,0.000,0.0000,0.0000,0.0000,0,0,0,0*6a
1,0,0,0,0,512,512,512,0,0.00,$BDFPD,0,1100.497,0.00000,0.62638,-0.27222,0.0000000,0.0000000,0.000,0.0000,0.0000,0.0000,0,0,0,0*61
1,0,0,0,0,512,512,512,0,0.00,$BDFPD,0,1100.697,0.00000,0.62663,-0.27141,0.0000000,0.0000000,0.000,0.0000,0.0000,0.0000,0,0,0,0*6b
1,0,0,0,0,512,512,512,0,0.00,$BDFPD,0,1100.897,0.00000,0.62630,-0.27147,0.0000000,0.0000000,0.000,0.0000,0.0000,0.0000,0,0,0,0*65
1,0,0,0,0,512,512,512,0,0.00,$BDFPD,0,1101.097,0.00000,0.62668,-0.27135,0.0000000,0.0000000,0.000,0.0000,0.0000,0.0000,0,0,0,0*64
1,0,0,0,0,512,512,512,0,0.00,$BDFPD,0,1101.297,0.00000,0.62675,-0.27139,0.0000000,0.0000000,0.000,0.0000,0.0000,0.0000,0,0,0,0*66
1,0,0,0,0,512,512,512,0,0.00,$BDFPD,0,1101.497,0.00000,0.62687,-0.27176,0.0000000,0.0000000,0.000,0.0000,0.0000,0.0000,0,0,0,0*66
1,0,0,0,0,512,512,512,0,0.00,$BDFPD,0,1101.697,0.00000,0.62685,-0.27176,0.0000000,0.0000000,0.000,0.0000,0.0000,0.0000,0,0,0,0*66
1,0,0,0,0,512,512,512,0,0.00,$BDFPD,0,1101.897,0.00000,0.62729,-0.27240,0.0000000,0.0000000,0.000,0.0000,0.0000,0.0000,0,0,0,0*69
1,0,0,0,0,512,512,512,0,0.00,$BDFPD,0,1102.097,0.00000,0.62720,-0.27231,0.0000000,0.0000000,0.000,0.0000,0.0000,0.0000,0,0,0,0*6d
1,0,0,0,0,512,512,512,0,0.00,$BDFPD,0,1102.297,0.00000,0.62719,-0.27242,0.0000000,0.0000000,0.000,0.0000,0.0000,0.0000,0,0,0,0*61
1,0,0,0,0,512,512,512,0,0.00,$BDFPD,0,1102.497,0.00000,0.62737,-0.27291,0.0000000,0.0000000,0.000,0.0000,0.0000,0.0000,0,0,0,0*65
1,0,0,0,0,512,512,512,0,0.00,$BDFPD,0,1102.697,0.00000,0.62733,-0.27316,0.0000000,0.0000000,0.000,0.0000,0.0000,0.0000,0,0,0,0*6d
1,0,0,0,0,512,512,512,0,0.00,$BDFPD,0,1102.897,0.00000,0.62794,-0.27374,0.0000000,0.0000000,0.000,0.0000,0.0000,0.0000,0,0,0,0*6a
1,0,0,0,0,512,512,512,0,0.00,$BDFPD,0,1103.097,0.00000,0.62723,-0.27343,0.0000000,0.0000000,0.000,0.0000,0.0000,0.0000,0,0,0,0*6b
1,0,0,0,0,512,512,512,0,0.00,$BDFPD,0,1103.297,0.00000,0.62706,-0.27345,0.0000000,0.0000000,0.000,0.0000,0.0000,0.0000,0,0,0,0*68
1,0,0,0,0,512,512,512,0,0.00,$BDFPD,0,1103.497,0.00000,0.62637,-0.27342,0.0000000,0.0000000,0.000,0.0000,0.0000,0.0000,0,0,0,0*6a
1,0,0,0,0,512,512,512,0,0.00,$BDFPD,0,1103.697,0.00000,0.62634,-0.27392,0.0000000,0.0000000,0.000,0.0000,0.0000,0.0000,0,0,0,0*66
1,0,0,0,0,512,512,512,0,0.00,$BDFPD,0,1103.897,0.00000,0.62670,-0.27378,0.0000000,0.0000000,0.000,0.0000,0.0000,0.0000,0,0,0,0*6c
1,0,0,0,0,512,512,512,0,0.00,$BDFPD,0,1104.097,0.00000,0.62638,-0.27372,0.0000000,0.0000000,0.000,0.0000,0.0000,0.0000,0,0,0,0*65
1,0,0,0,0,512,512,512,0,0.00,$BDFPD,0,1104.297,0.00000,0.62624,-0.27360,0.0000000,0.0000000,0.000,0.0000,0.0000,0.0000,0,0,0,0*69
1,0,0,0,0,512,512,512,0,0.00,$BDFPD,0,1104.497,0.00000,0.62646,-0.27328,0.0000000,0.0000000,0.000,0.0000,0.0000,0.0000,0,0,0,0*67
1,0,0,0,0,512,512,512,0,0.00,$BDFPD,0,1104.697,0.00000,0.62655,-0.27335,0.0000000,0.0000000,0.000,0.0000,0.0000,0.0000,0,0,0,0*6b
1,0,0,0,0,512,512,512,0,0.00,$BDFPD,0,1104.897,0.00000,0.62655,-0.27299,0.0000000,0.0000000,0.000,0.0000,0.0000,0.0000,0,0,0,0*62
1,0,0,0,0,512,512,512,0,0.00,$BDFPD,0,1105.097,0.00000,0.62650,-0.27325,0.0000000,0.0000000,0.000,0.0000,0.0000,0.0000,0,0,0,0*68
1,0,0,0,0,512,512,512,0,0.00,$BDFPD,0,1105.297,0.00000,0.62647,-0.27337,0.0000000,0.0000000,0.000,0.0000,0.0000,0.0000,0,0,0,0*6f
1,0,0,0,0,512,512,512,0,0.00,$BDFPD,0,1105.497,0.00000,0.62621,-0.27303,0.0000000,0.0000000,0.000,0.0000,0.0000,0.0000,0,0,0,0*6e
1,0,0,0,0,512,512,512,0,0.00,$BDFPD,0,1105.697,0.00000,0.62636,-0.27265,0.0000000,0.0000000,0.000,0.0000,0.0000,0.0000,0,0,0,0*6b
1,0,0,0,0,512,512,512,0,0.00,$BDFPD,0,1105.897,0.00000,0.62629,-0.27246,0.0000000,0.0000000,0.000,0.0000,0.0000,0.0000,0,0,0,0*6a
1,0,0,0,0,512,512,512,0,0.00,$BDFPD,0,1106.097,0.00000,0.62664,-0.27299,0.0000000,0.0000000,0.000,0.0000,0.0000,0.0000,0,0,0,0*6a
1,0,0,0,0,512,512,512,0,0.00,$BDFPD,0,1106.297,0.00000,0.62690,-0.27326,0.0000000,0.0000000,0.000,0.0000,0.0000,0.0000,0,0,0,0*66
1,0,0,0,0,512,512,512,0,0.00,$BDFPD,0,1106.497,0.00000,0.62748,-0.27329,0.0000000,0.0000000,0.000,0.0000,0.0000,0.0000,0,0,0,0*6b
1,0,0,0,0,512,512,512,0,0.00,$BDFPD,0,1106.697,0.00000,0.62738,-0.27329,0.0000000,0.0000000,0.000,0.0000,0.0000,0.0000,0,0,0,0*6e
1,0,0,0,0,512,512,512,0,0.00,$BDFPD,0,1106.897,0.00000,0.62703,-0.27343,0.0000000,0.0000000,0.000,0.0000,0.0000,0.0000,0,0,0,0*64
1,0,0,0,0,512,512,512,0,0.00,$BDFPD,0,1107.097,0.00000,0.62714,-0.27346,0.0000000,0.0000000,0.000,0.0000,0.0000,0.0000,0,0,0,0*6e
1,0,0,0,0,512,512,512,0,0.00,$BDFPD,0,1107.297,0.00000,0.62691,-0.27342,0.0000000,0.0000000,0.000,0.0000,0.0000,0.0000,0,0,0,0*64
1,0,0,0,0,512,512,512,0,0.00,$BDFPD,0,1107.497,0.00000,0.62488,-0.27534,0.0000000,0.0000000,0.000,0.0000,0.0000,0.0000,0,0,0,0*6f
1,0,0,0,0,512,512,512,0,0.00,$BDFPD,0,1107.697,0.00000,0.62166,-0.26962,0.0000000,0.0000000,0.000,0.0000,0.0000,0.0000,0,0,0,0*66
1,0,0,0,0,512,512,512,0,0.00,$BDFPD,0,1107.897,0.00000,0.62133,-0.26970,0.0000000,0.0000000,0.000,0.0000,0.0000,0.0000,0,0,0,0*6b
1,0,0,0,0,512,512,512,0,0.00,$BDFPD,0,1108.097,0.00000,0.62059,-0.26912,0.0000000,0.0000000,0.000,0.0000,0.0000,0.0000,0,0,0,0*65
1,0,0,0,0,512,512,512,0,0.00,$BDFPD,0,1108.297,0.00000,0.62052,-0.26882,0.0000000,0.0000000,0.000,0.0000,0.0000,0.0000,0,0,0,0*64
1,0,0,0,0,512,512,512,0,0.00,$BDFPD,0,1108.497,0.00000,0.61977,-0.26883,0.0000000,0.0000000,0.000,0.0000,0.0000,0.0000,0,0,0,0*6e
1,0,0,0,0,512,512,512,0,0.00,$BDFPD,0,1108.697,0.00000,0.62016,-0.26906,0.0000000,0.0000000,0.000,0.0000,0.0000,0.0000,0,0,0,0*6d
1,0,0,0,0,512,512,512,0,0.00,$BDFPD,0,1108.897,0.00000,0.62076,-0.26889,0.0000000,0.0000000,0.000,0.0000,0.0000,0.0000,0,0,0,0*63
1,0,0,0,0,512,512,512,0,0.00,$BDFPD,0,1109.097,0.00000,0.62189,-0.26909,0.0000000,0.0000000,0.000,0.0000,0.0000,0.0000,0,0,0,0*62
1,0,0,0,0,512,512,512,0,0.00,$BDFPD,0,1109.297,0.00000,0.62280,-0.26918,0.0000000,0.0000000,0.000,0.0000,0.0000,0.0000,0,0,0,0*6a
